-747.1792692261512
-774.4283123792619
-4.380439214409762
165.9314385602297
869.4135695993043
184.4112705284922
-917.749474048353
-995.2202095605043
610.2432999314465
-304.96165421258524
-77.7552086417785
-874.4055738950245
787.0232054453777
-460.1543144184618
-888.6834524999214
12.70102193246646
627.815169550636
137.24024505600937
183.34610697572498
922.449772454866
320.5843386011777
-559.0006570262723
687.6066796279554
-30.747528841087387
-803.8399625473583
-95.25282742851664
2.8593379013042295
-733.6418751975255
364.81962983965127
345.7520653013655
-849.5642105264735
-146.65978253363176
491.49142003348106
51.752579818311915
-538.4090491542972
-155.46093652125285
-551.4354549598621
-454.41120039176224
-145.7139559786956
-768.7091148055855
695.4367396762234
-81.35087712858501
-46.6522890089027
-838.2500451303324
-372.01024716431414
-411.54593692197
395.0274515238548
799.7899944914388
-530.0797810571395
-691.7727220713723
99.69124320202673
-878.3781867330453
800.7859395587036
974.871148223514
-566.04722192968
-155.2357066952793
-727.3636660060475
-44.46439710580228
-86.13825944305233
120.18790924544919
979.2649655308467
-486.2036607788806
940.7341725637673
984.1383544663383
861.0623023519281
-385.5866231574739
861.3155077127321
-223.41534116835066
992.8517057735796
-513.3449758357997
515.9527291509664
-275.87496493314984
644.5810595645266
926.7729759054118
-595.1814513840427
-667.1310304255554
-962.4577677791206
-115.14914466871267
859.0542185861007
454.1320233748743
-219.52065180975228
-254.69830416852528
80.74746160248674
-291.2021980694128
-234.36234485093235
-339.6490414708645
606.0898889141299
281.9772349224015
-731.7605801028453
-515.725736388098
-795.4010547473375
877.1168507386865
585.6824219784246
-209.13810436730853
-809.9292462923454
621.3476684078196
792.3514152579651
-513.3481047469354
892.9785240006304
68.45158685745037